50  0.44623655914	0.308602150538	0.440860215054  0.388172043011  0 0.47
100	0.451612903226	0.332258064516  0.44623655914   0.410752688172 10000 0.47
250	0.477419354839  0.355913978495  0.48064516129   0.434408602151
500	0.49247311828   0.378494623656  0.5             0.456989247312
1000 0.50752688172  0.4             0.505376344086  0.487096774194
2000 0.506451612903	0.396774193548  0.506451612903  0.47311827957
3000 0.515053763441	0.401075268817  0.515053763441  0.481720430108
5000 0.510752688172	0.397849462366  0.50752688172   0.474193548387
7000 0.509677419355	0.39247311828   0.510752688172  0.472043010753
10000 0.506451612903   0.421505376344   0.511827956989  0.47311827957
