50	0.251612903226	0.267741935484	0.251612903226	0.213978494624	0.166666666667	0.123655913978	10000 0.47
100	0.270967741935	0.283870967742	0.260215053763	0.218279569892	0.210752688172	0.160215053763	0 0.47
250	0.284946236559	0.287096774194	0.290322580645	0.259139784946	0.25376344086	0.209677419355	
500	0.282795698925	0.293548387097	0.311827956989	0.278494623656	0.28064516129	0.260215053763	
1000	0.290322580645	0.308602150538	0.32688172043	0.282795698925	0.294623655914	0.255913978495	
2000	0.304301075269	0.317204301075	0.321505376344	0.305376344086	0.313978494624	0.275268817204	
3000	0.298924731183	0.313978494624	0.330107526882	0.305376344086	0.297849462366	0.291397849462
5000	0.298924731183	0.311827956989	0.321505376344	0.343010752688	0.308602150538	0.302150537634
7000	0.3	0.311827956989	0.324731182796	0.333333333333	0.321505376344	0.303225806452
10000	0.305376344086	0.321505376344	0.325806451613	0.338709677419	0.330107526882	0.318279569892
